Dummy Data


tensor([[[-1.4088e+00, -9.3886e-01, -7.6946e-01,  ..., -1.2675e+00,
           5.1270e-01,  1.3774e-01],
         [ 7.0917e-01,  3.3301e-01, -7.8732e-01,  ...,  8.3470e-04,
           3.0138e-01, -3.4238e-01],
         [ 1.6668e-02,  1.1546e-01, -2.3489e-01,  ...,  8.5102e-01,
          -2.6387e-01, -4.8789e-01],
         ...,
         [-4.5275e-01,  1.3820e+00, -8.2911e-01,  ...,  2.0770e+00,
           2.1698e-01,  6.7424e-01],
         [ 1.0573e+00, -4.8799e-01,  1.3542e+00,  ..., -2.2275e+00,
           9.7968e-01,  7.4203e-01],
         [ 1.9838e-01,  1.7133e+00, -1.8508e-01,  ...,  4.0680e-01,
          -1.1600e+00, -1.8520e-01]],

        [[-1.4464e-01, -8.6287e-01,  9.4411e-01,  ...,  4.3035e-01,
          -1.3194e+00, -6.4304e-01],
         [ 5.8749e-01,  7.8262e-01,  7.2848e-01,  ..., -3.2389e-01,
          -2.4998e-01,  8.1767e-01],
         [-2.0312e+00, -7.6670e-01,  1.3157e+00,  ...,  4.0750e-02,
           1.0470e+00,  4.4499e-01],
         ...,
         [-6.1274e-01,  4.1261e-01, -8.1912e-01,  ...,  1.1912e+00,
           1.1410e+00,  2.6791e-01],
         [ 1.0534e+00, -3.3312e-01,  2.7555e-01,  ...,  1.6219e-01,
           4.7210e-01, -7.7668e-01],
         [ 4.3072e-01, -7.1885e-01,  2.1667e-01,  ..., -8.8202e-01,
          -1.1510e+00, -5.4240e-01]],

        [[ 1.1987e+00, -1.3131e+00,  3.3919e-01,  ...,  8.5260e-01,
          -2.0851e-01,  1.4266e+00],
         [ 1.4747e+00, -4.1758e-01, -9.3568e-01,  ...,  2.4540e-01,
           1.1830e+00,  1.4947e-02],
         [ 4.1395e-01,  2.3190e+00,  3.9115e-01,  ..., -1.9676e+00,
          -1.6121e+00,  8.0843e-01],
         ...,
         [-1.0693e-01, -3.6117e-01, -1.0139e+00,  ..., -2.3615e+00,
           8.9991e-01,  1.6288e+00],
         [ 5.0219e-01, -1.1387e+00,  1.8213e+00,  ...,  2.4684e-01,
           1.6912e-01,  5.6218e-02],
         [ 4.4390e-01, -7.1915e-01, -8.0221e-01,  ...,  1.8706e+00,
           2.1726e+00,  4.3083e-01]],

        ...,

        [[-2.7570e-01,  7.7548e-01,  1.0713e+00,  ..., -1.3003e-01,
           2.1053e-01, -2.6975e-01],
         [ 1.9914e-01, -4.2792e-01, -1.7975e+00,  ..., -7.4468e-01,
           4.0900e-02,  1.7130e-01],
         [-2.6659e+00, -1.1911e+00, -9.0380e-02,  ..., -6.0285e-01,
           1.2359e-01,  2.9626e-02],
         ...,
         [-4.8661e-01, -3.2993e+00, -6.6339e-02,  ...,  4.8885e-01,
           1.2296e+00, -1.1189e+00],
         [-1.4359e+00,  1.6528e-01,  2.0074e-01,  ...,  1.1896e+00,
          -1.6927e+00, -3.6937e-01],
         [ 1.1341e+00, -4.7253e-01, -6.5836e-01,  ...,  8.5420e-01,
          -5.7165e-01,  1.0993e+00]],

        [[-4.9094e-02,  4.5047e-03, -2.0861e+00,  ...,  1.8106e-01,
           9.6257e-01, -8.1539e-01],
         [ 8.8953e-01,  1.7469e-01, -9.6520e-01,  ..., -2.3364e-01,
          -7.0927e-01, -7.6647e-01],
         [ 1.0864e+00, -5.8811e-01,  8.4227e-01,  ...,  4.6825e-01,
           2.3566e+00,  1.8877e+00],
         ...,
         [ 5.0650e-01,  9.0425e-01,  5.3922e-03,  ..., -2.2712e+00,
           4.3392e-01,  3.2458e-01],
         [-1.7022e+00,  1.7370e-01, -2.3534e+00,  ...,  1.6639e+00,
          -2.0082e-01, -5.9201e-02],
         [ 3.2980e-01,  4.2479e-01,  4.4570e-02,  ..., -2.3980e-01,
           1.3008e+00, -1.2449e+00]],

        [[ 2.5020e-01,  3.6250e-01,  2.4922e-01,  ...,  1.1926e+00,
           4.9385e-01,  9.0018e-01],
         [ 1.0281e+00,  5.1306e-01,  5.9551e-01,  ...,  7.5579e-01,
          -9.1034e-01, -7.7814e-01],
         [-8.1629e-01,  4.2534e-01, -7.4894e-01,  ..., -8.2036e-01,
          -1.0431e-01,  1.1114e+00],
         ...,
         [ 1.1412e-01, -4.9846e-01, -8.9218e-02,  ...,  5.4562e-03,
          -3.7744e-01, -7.5085e-02],
         [-1.2311e+00, -8.1292e-01,  1.3382e+00,  ..., -1.4814e-01,
          -8.8520e-01,  2.8480e-01],
         [ 4.3463e-01,  2.9179e-01, -1.5259e-01,  ...,  2.1679e+00,
           1.4205e+00,  1.8652e-01]]])


Actual Data


tensor([[[-0.1394, -0.1394, -0.1394,  ..., -0.1394, -0.1394, -0.1460],
         [-0.0485, -0.0485, -0.0485,  ..., -0.0485, -0.0485, -0.0485],
         [-0.4370, -0.4370, -0.4370,  ..., -0.4370, -0.4370, -0.2988],
         ...,
         [-0.2451, -0.2478, -0.2451,  ..., -0.2478, -0.2451, -0.2424],
         [-0.2562, -0.2562, -0.2562,  ..., -0.2562, -0.2562, -0.2562],
         [ 0.3871,  1.8877,  0.3871,  ...,  1.8877,  0.3871, -0.1131]],

        [[-0.1394, -0.1394, -0.1394,  ..., -0.1394, -0.1394, -0.1394],
         [-0.0485, -0.0485, -0.0485,  ..., -0.0485, -0.0485, -0.0485],
         [-0.4370, -0.4370, -0.4370,  ..., -0.4370, -0.4370, -0.4370],
         ...,
         [-0.2424, -0.2478, -0.2451,  ..., -0.2424, -0.2478, -0.2451],
         [-0.2562, -0.2562, -0.2562,  ..., -0.2562, -0.2562, -0.2562],
         [-0.1131,  1.8877,  0.3871,  ..., -0.1131,  1.8877,  0.3871]],

        [[-0.1394, -0.1394, -0.1423,  ..., -0.1460, -0.1394, -0.1460],
         [-0.0485, -0.0485, -0.0485,  ..., -0.0485, -0.0485, -0.0485],
         [-0.4370, -0.4370, -0.2114,  ..., -0.2988, -0.4370, -0.2988],
         ...,
         [-0.2478, -0.2397, -0.2424,  ..., -0.2424, -0.2397, -0.2424],
         [-0.2562, -0.2562, -0.2470,  ..., -0.2562, -0.2470, -0.2562],
         [ 1.8877, -0.3632,  0.3871,  ..., -0.1131,  0.0870, -0.1131]],

        ...,

        [[-0.1394, -0.1394, -0.1394,  ..., -0.1394, -0.1482, -0.1394],
         [-0.0485, -0.0485, -0.0485,  ..., -0.0485, -0.0485, -0.0485],
         [-0.4370, -0.4370, -0.4370,  ..., -0.4370, -0.4370, -0.4370],
         ...,
         [-0.2478, -0.2478, -0.2478,  ..., -0.2478, -0.2451, -0.2451],
         [-0.2562, -0.2562, -0.2562,  ..., -0.2562, -0.2562, -0.2562],
         [ 1.8877,  1.8877,  1.8877,  ...,  1.8877,  0.3871,  0.3871]],

        [[-0.1460, -0.1394, -0.1394,  ..., -0.1394, -0.1394, -0.1482],
         [-0.0485, -0.0485, -0.0485,  ..., -0.0485, -0.0485, -0.0485],
         [-0.2988, -0.4370, -0.4370,  ..., -0.4370, -0.4370, -0.4370],
         ...,
         [-0.2424, -0.2451, -0.2451,  ..., -0.2451, -0.2451, -0.2451],
         [-0.2562, -0.2562, -0.2562,  ..., -0.2562, -0.2562, -0.2562],
         [-0.1131,  0.3871,  0.3871,  ...,  0.3871,  0.3871,  0.3871]],

        [[-0.1383, -0.1394, -0.1394,  ..., -0.1394, -0.1394, -0.1394],
         [-0.0485, -0.0485, -0.0485,  ..., -0.0485, -0.0485, -0.0485],
         [-0.1439, -0.4370, -0.4370,  ..., -0.4370, -0.4370, -0.4370],
         ...,
         [-0.2424, -0.2478, -0.2397,  ..., -0.2451, -0.2451, -0.2478],
         [-0.2378, -0.2562, -0.2470,  ..., -0.2562, -0.2562, -0.2562],
         [ 0.6872,  1.8877,  0.0870,  ...,  0.3871,  0.3871,  1.8877]]])


Initial Dummy Data


tensor([[[-1.5256, -0.7502, -0.6540,  ..., -1.1608,  0.6995,  0.1991],
         [ 0.8657,  0.2444, -0.6629,  ...,  0.0457,  0.1530, -0.4757],
         [-0.1110,  0.2927, -0.1578,  ...,  0.9386, -0.1860, -0.6446],
         ...,
         [-0.4278,  1.2995, -1.0200,  ...,  2.1849,  0.3705,  0.8323],
         [ 1.0295, -0.4674,  1.2100,  ..., -2.0395,  1.0629,  0.7760],
         [ 0.0835,  1.7074, -0.2076,  ...,  0.5467, -1.0919, -0.2006]],

        [[-0.2198, -0.7506,  0.9105,  ...,  0.4566, -1.3150, -0.5072],
         [ 0.4175,  0.9264,  0.6357,  ..., -0.4643, -0.3743,  0.9706],
         [-1.9518, -0.6500,  1.3482,  ...,  0.1075,  1.1046,  0.5976],
         ...,
         [-0.5564,  0.4420, -0.8933,  ...,  1.2605,  1.0970,  0.3271],
         [ 0.9712, -0.3120,  0.2856,  ...,  0.3537,  0.3575, -0.6334],
         [ 0.3641, -0.7967,  0.3164,  ..., -0.8300, -1.1616, -0.4343]],

        [[ 1.3014, -1.4471,  0.2341,  ...,  0.7504, -0.1112,  1.5630],
         [ 1.5448, -0.3717, -0.7555,  ...,  0.2935,  0.9994, -0.1119],
         [ 0.4425,  2.4748,  0.3325,  ..., -1.8834, -1.4838,  0.8201],
         ...,
         [ 0.0160, -0.4224, -0.9142,  ..., -2.2162,  1.0833,  1.5990],
         [ 0.3966, -1.0497,  1.7139,  ...,  0.2807,  0.2789, -0.0403],
         [ 0.3898, -0.7929, -0.6688,  ...,  1.8772,  2.1884,  0.3678]],

        ...,

        [[-0.2109,  0.7875,  1.0524,  ..., -0.2015,  0.3852, -0.2571],
         [ 0.1052, -0.3803, -1.9081,  ..., -0.6326,  0.0717,  0.0166],
         [-2.6270, -1.1149, -0.0683,  ..., -0.5064,  0.0502, -0.1099],
         ...,
         [-0.5669, -3.3329, -0.0572,  ...,  0.3737,  1.3510, -1.1362],
         [-1.3204,  0.2862,  0.0965,  ...,  1.0746, -1.5422, -0.4273],
         [ 1.2919, -0.3970, -0.5611,  ...,  1.0385, -0.3533,  1.2212]],

        [[-0.1720, -0.1563, -2.1623,  ...,  0.0564,  0.8556, -0.8757],
         [ 0.9542,  0.3351, -0.8022,  ..., -0.2358, -0.6073, -0.8080],
         [ 1.2451, -0.4584,  0.8043,  ...,  0.4533,  2.3807,  1.6865],
         ...,
         [ 0.6463,  0.9669, -0.1060,  ..., -2.2609,  0.3345,  0.2620],
         [-1.6985,  0.1135, -2.4436,  ...,  1.6895, -0.3350, -0.0469],
         [ 0.1841,  0.4607, -0.0642,  ..., -0.4423,  1.2053, -1.0981]],

        [[ 0.3291,  0.5190,  0.2773,  ...,  1.0443,  0.7070,  0.8353],
         [ 0.8919,  0.3787,  0.4702,  ...,  0.6269, -0.9302, -0.8098],
         [-0.6152,  0.5898, -0.9123,  ..., -0.6451,  0.0595,  1.1940],
         ...,
         [-0.0684, -0.6085, -0.2001,  ...,  0.0861, -0.2951, -0.0584],
         [-1.2589, -0.9856,  1.5094,  ..., -0.2773, -0.7900,  0.2109],
         [ 0.3568,  0.1911, -0.2581,  ...,  2.2202,  1.2508, -0.0509]]])


